
**********************************************************
*** MLMC_100 file version 0.9     produced by          ***
*** MATLAB mlmc_test_100 on 07-Apr-2020 12:26:10       ***
**********************************************************

***************************************** 
*** MLMC errors from 100 calculations *** 
***************************************** 

 Exact value: 3.678794 

 eps = 1.000e-02 
-----------------
 3.65609e+00  3.66628e+00  3.68210e+00  3.66214e+00  3.68650e+00 
 3.68512e+00  3.67073e+00  3.67135e+00  3.67478e+00  3.68035e+00 
 3.66521e+00  3.67512e+00  3.66916e+00  3.66252e+00  3.65043e+00 
 3.67881e+00  3.67088e+00  3.66429e+00  3.68187e+00  3.68153e+00 
 3.67438e+00  3.68579e+00  3.68095e+00  3.67825e+00  3.67484e+00 
 3.68337e+00  3.69463e+00  3.67016e+00  3.66684e+00  3.65137e+00 
 3.67353e+00  3.68955e+00  3.67371e+00  3.67228e+00  3.68438e+00 
 3.67820e+00  3.66670e+00  3.67733e+00  3.66966e+00  3.66444e+00 
 3.68637e+00  3.66892e+00  3.66479e+00  3.66887e+00  3.67432e+00 
 3.66832e+00  3.67003e+00  3.67612e+00  3.66959e+00  3.67758e+00 
 3.67120e+00  3.69209e+00  3.67070e+00  3.66163e+00  3.67451e+00 
 3.67132e+00  3.67517e+00  3.69094e+00  3.68155e+00  3.66626e+00 
 3.65959e+00  3.66297e+00  3.67302e+00  3.67891e+00  3.64885e+00 
 3.67703e+00  3.67362e+00  3.67449e+00  3.67727e+00  3.67827e+00 
 3.68055e+00  3.66712e+00  3.66871e+00  3.68043e+00  3.67414e+00 
 3.68593e+00  3.67488e+00  3.67928e+00  3.67417e+00  3.67820e+00 
 3.66529e+00  3.67239e+00  3.68465e+00  3.67680e+00  3.66596e+00 
 3.66730e+00  3.67338e+00  3.67016e+00  3.67309e+00  3.66004e+00 
 3.67799e+00  3.68206e+00  3.66879e+00  3.66848e+00  3.66282e+00 
 3.69080e+00  3.68671e+00  3.67220e+00  3.67023e+00  3.68043e+00 

 eps = 2.000e-02 
-----------------
 3.65355e+00  3.65026e+00  3.65872e+00  3.65743e+00  3.66736e+00 
 3.68472e+00  3.64592e+00  3.67694e+00  3.67102e+00  3.67359e+00 
 3.66649e+00  3.64193e+00  3.69328e+00  3.68608e+00  3.66649e+00 
 3.64969e+00  3.67674e+00  3.68027e+00  3.68527e+00  3.67572e+00 
 3.67756e+00  3.65036e+00  3.66892e+00  3.66339e+00  3.68000e+00 
 3.66846e+00  3.67288e+00  3.63212e+00  3.65362e+00  3.65428e+00 
 3.68556e+00  3.69437e+00  3.63179e+00  3.66502e+00  3.69927e+00 
 3.65352e+00  3.67069e+00  3.68809e+00  3.64475e+00  3.66097e+00 
 3.66950e+00  3.68642e+00  3.68581e+00  3.67050e+00  3.68355e+00 
 3.68481e+00  3.65227e+00  3.66489e+00  3.66122e+00  3.68535e+00 
 3.64894e+00  3.64694e+00  3.70843e+00  3.66174e+00  3.69427e+00 
 3.69932e+00  3.66695e+00  3.67367e+00  3.70970e+00  3.67880e+00 
 3.68295e+00  3.69875e+00  3.64160e+00  3.66851e+00  3.65753e+00 
 3.67367e+00  3.64934e+00  3.69578e+00  3.66644e+00  3.69155e+00 
 3.68244e+00  3.66612e+00  3.67930e+00  3.67495e+00  3.69331e+00 
 3.68383e+00  3.68253e+00  3.64700e+00  3.67284e+00  3.65633e+00 
 3.71221e+00  3.69010e+00  3.66702e+00  3.66423e+00  3.67303e+00 
 3.63130e+00  3.69344e+00  3.69654e+00  3.64653e+00  3.68636e+00 
 3.65938e+00  3.68516e+00  3.66780e+00  3.66408e+00  3.64297e+00 
 3.66081e+00  3.67053e+00  3.64413e+00  3.64879e+00  3.67414e+00 

 eps = 5.000e-02 
-----------------
 3.65538e+00  3.66158e+00  3.60206e+00  3.60898e+00  3.65945e+00 
 3.59600e+00  3.65671e+00  3.61292e+00  3.69171e+00  3.62235e+00 
 3.68680e+00  3.63518e+00  3.54775e+00  3.65247e+00  3.57684e+00 
 3.67954e+00  3.65987e+00  3.59056e+00  3.70147e+00  3.62457e+00 
 3.69916e+00  3.69164e+00  3.65816e+00  3.59628e+00  3.61763e+00 
 3.60691e+00  3.68527e+00  3.66911e+00  3.61231e+00  3.69054e+00 
 3.62170e+00  3.65924e+00  3.65128e+00  3.69511e+00  3.68750e+00 
 3.68479e+00  3.66909e+00  3.64118e+00  3.71335e+00  3.66115e+00 
 3.57712e+00  3.60189e+00  3.61798e+00  3.66515e+00  3.65495e+00 
 3.66167e+00  3.59400e+00  3.65554e+00  3.69080e+00  3.67003e+00 
 3.64774e+00  3.58790e+00  3.66728e+00  3.69426e+00  3.70004e+00 
 3.72505e+00  3.69494e+00  3.61306e+00  3.65881e+00  3.53360e+00 
 3.62842e+00  3.65984e+00  3.63431e+00  3.66225e+00  3.62074e+00 
 3.62832e+00  3.61958e+00  3.70550e+00  3.65717e+00  3.65841e+00 
 3.62475e+00  3.73787e+00  3.69723e+00  3.69988e+00  3.71823e+00 
 3.62834e+00  3.62776e+00  3.60492e+00  3.67398e+00  3.65442e+00 
 3.67870e+00  3.64860e+00  3.67375e+00  3.68420e+00  3.71996e+00 
 3.67783e+00  3.57885e+00  3.66947e+00  3.59511e+00  3.60360e+00 
 3.58128e+00  3.67352e+00  3.66871e+00  3.70072e+00  3.63370e+00 
 3.63826e+00  3.66865e+00  3.72008e+00  3.61417e+00  3.65666e+00 

 eps = 1.000e-01 
-----------------
 3.49669e+00  3.50994e+00  3.63093e+00  3.59970e+00  3.51395e+00 
 3.56442e+00  3.54313e+00  3.75274e+00  3.56543e+00  3.61544e+00 
 3.60125e+00  3.69037e+00  3.45882e+00  3.54978e+00  3.59424e+00 
 3.59211e+00  3.76412e+00  3.61385e+00  3.71716e+00  3.59342e+00 
 3.61789e+00  3.55630e+00  3.58287e+00  3.51039e+00  3.62490e+00 
 3.68888e+00  3.66136e+00  3.66818e+00  3.55417e+00  3.59863e+00 
 3.68781e+00  3.66731e+00  3.59165e+00  3.57886e+00  3.62892e+00 
 3.67069e+00  3.63678e+00  3.73226e+00  3.62701e+00  3.55418e+00 
 3.59461e+00  3.71483e+00  3.61035e+00  3.65102e+00  3.62006e+00 
 3.70262e+00  3.59994e+00  3.68891e+00  3.79597e+00  3.62068e+00 
 3.50394e+00  3.69474e+00  3.60960e+00  3.59858e+00  3.63649e+00 
 3.63061e+00  3.61473e+00  3.69972e+00  3.65565e+00  3.55571e+00 
 3.55838e+00  3.56842e+00  3.51764e+00  3.69702e+00  3.63922e+00 
 3.59114e+00  3.60037e+00  3.58493e+00  3.60001e+00  3.59884e+00 
 3.59890e+00  3.62042e+00  3.61943e+00  3.66676e+00  3.54608e+00 
 3.57458e+00  3.57939e+00  3.53219e+00  3.56712e+00  3.64307e+00 
 3.62671e+00  3.73873e+00  3.59138e+00  3.57299e+00  3.60273e+00 
 3.57900e+00  3.49038e+00  3.54881e+00  3.56495e+00  3.65432e+00 
 3.67130e+00  3.62838e+00  3.57005e+00  3.67807e+00  3.63687e+00 
 3.67516e+00  3.55975e+00  3.43732e+00  3.72708e+00  3.69918e+00 
