
**********************************************************
*** MLMC_100 file version 0.9     produced by          ***
*** MATLAB mlmc_test_100 on 07-Apr-2020 19:18:22       ***
**********************************************************

***************************************** 
*** MLMC errors from 100 calculations *** 
***************************************** 

 Exact value: 9.040000 

 eps = 1.000e-02 
-----------------
 9.03791e+00  9.01606e+00  9.03408e+00  9.03047e+00  9.02887e+00 
 9.02014e+00  9.03361e+00  9.02751e+00  9.02716e+00  9.03994e+00 
 9.02018e+00  9.04078e+00  9.03100e+00  9.05093e+00  9.05030e+00 
 9.03317e+00  9.02581e+00  9.04432e+00  9.03285e+00  9.02354e+00 
 9.04864e+00  9.03724e+00  9.03526e+00  9.02061e+00  9.03492e+00 
 9.03680e+00  9.02532e+00  9.03302e+00  9.02375e+00  9.03592e+00 
 9.03352e+00  9.02707e+00  9.02327e+00  9.01903e+00  9.05020e+00 
 9.02091e+00  9.02399e+00  9.03296e+00  9.04920e+00  9.05704e+00 
 9.02626e+00  9.02259e+00  9.03816e+00  9.02944e+00  9.02744e+00 
 9.02725e+00  9.02579e+00  9.02544e+00  9.04045e+00  9.01841e+00 
 9.05247e+00  9.02307e+00  9.01880e+00  9.05107e+00  9.02261e+00 
 9.05017e+00  9.06673e+00  9.02181e+00  9.03081e+00  9.03780e+00 
 9.05734e+00  9.04618e+00  9.00540e+00  9.04314e+00  9.03062e+00 
 9.04364e+00  9.03746e+00  9.02935e+00  9.02791e+00  9.02355e+00 
 9.02972e+00  9.04023e+00  9.03893e+00  9.02978e+00  9.03513e+00 
 9.03260e+00  9.03574e+00  9.03617e+00  9.03481e+00  9.03743e+00 
 9.02451e+00  9.04436e+00  9.04149e+00  9.02927e+00  9.01804e+00 
 9.05142e+00  9.03246e+00  9.03090e+00  9.02833e+00  9.02587e+00 
 9.03506e+00  9.03434e+00  9.03776e+00  9.01642e+00  9.02708e+00 
 9.01869e+00  9.02583e+00  9.03054e+00  9.04088e+00  9.03681e+00 

 eps = 2.000e-02 
-----------------
 9.03059e+00  9.05148e+00  9.05644e+00  9.04404e+00  9.04073e+00 
 9.02611e+00  9.05752e+00  9.03465e+00  9.00476e+00  9.04046e+00 
 9.02278e+00  9.06927e+00  9.03919e+00  9.04385e+00  9.06970e+00 
 9.03752e+00  9.02405e+00  9.07268e+00  9.02547e+00  9.03161e+00 
 9.04028e+00  9.07698e+00  9.05957e+00  9.04680e+00  9.04730e+00 
 9.05589e+00  9.01761e+00  9.02419e+00  9.02851e+00  9.03083e+00 
 9.03827e+00  9.00876e+00  9.04379e+00  9.04262e+00  9.01656e+00 
 9.06461e+00  9.00955e+00  9.00203e+00  9.01043e+00  9.07249e+00 
 9.06853e+00  9.01991e+00  9.03706e+00  9.03970e+00  9.07134e+00 
 9.03457e+00  9.04801e+00  9.01516e+00  9.05395e+00  9.05979e+00 
 9.03092e+00  9.05040e+00  9.01258e+00  9.03953e+00  9.00793e+00 
 9.02564e+00  9.05383e+00  9.03597e+00  9.06359e+00  9.01335e+00 
 9.04996e+00  9.05017e+00  9.02873e+00  9.02659e+00  9.04175e+00 
 9.04062e+00  9.04128e+00  9.03769e+00  9.04877e+00  9.04495e+00 
 9.05187e+00  9.00209e+00  9.04624e+00  9.04156e+00  9.07667e+00 
 9.01910e+00  9.01216e+00  9.02060e+00  9.06385e+00  9.03942e+00 
 9.02581e+00  9.03707e+00  9.02492e+00  9.06594e+00  9.03291e+00 
 9.07820e+00  9.04067e+00  9.01612e+00  9.07040e+00  9.02778e+00 
 9.04553e+00  9.04621e+00  9.02983e+00  9.04729e+00  9.01496e+00 
 9.03442e+00  9.04795e+00  9.02209e+00  9.07220e+00  8.99820e+00 

 eps = 5.000e-02 
-----------------
 9.07449e+00  9.08478e+00  9.11315e+00  9.00944e+00  9.05250e+00 
 9.02411e+00  9.08203e+00  9.06970e+00  9.05368e+00  9.02512e+00 
 9.03448e+00  9.10547e+00  9.15275e+00  9.03662e+00  9.08422e+00 
 9.17743e+00  9.04276e+00  9.19627e+00  9.09074e+00  9.07719e+00 
 9.04089e+00  9.12060e+00  9.08764e+00  9.03881e+00  9.04873e+00 
 9.09055e+00  9.04671e+00  9.05148e+00  9.01980e+00  9.04066e+00 
 9.09129e+00  8.99095e+00  9.07675e+00  9.04677e+00  9.06211e+00 
 9.04353e+00  8.97090e+00  9.08275e+00  9.04745e+00  9.11026e+00 
 9.04933e+00  9.05537e+00  8.95286e+00  8.99830e+00  9.04017e+00 
 9.06559e+00  8.98811e+00  9.01997e+00  9.06951e+00  9.05451e+00 
 9.08655e+00  9.07234e+00  9.12193e+00  9.03433e+00  9.03681e+00 
 9.03047e+00  9.01350e+00  9.05459e+00  9.06078e+00  9.09232e+00 
 9.05321e+00  9.06500e+00  9.07055e+00  9.08424e+00  9.01521e+00 
 9.08270e+00  9.05921e+00  9.06466e+00  9.03941e+00  9.01668e+00 
 9.09067e+00  9.06960e+00  9.08446e+00  8.99436e+00  9.07347e+00 
 9.07735e+00  9.04239e+00  9.06395e+00  9.03843e+00  9.00502e+00 
 9.02492e+00  9.08146e+00  9.04331e+00  9.11307e+00  8.98087e+00 
 9.06126e+00  8.98650e+00  9.05380e+00  9.05754e+00  9.06218e+00 
 9.01730e+00  9.02028e+00  9.02209e+00  9.03466e+00  9.04789e+00 
 8.96516e+00  9.03027e+00  9.01877e+00  9.02012e+00  9.10430e+00 

 eps = 1.000e-01 
-----------------
 9.02390e+00  9.02714e+00  9.15762e+00  9.12323e+00  9.14644e+00 
 8.97861e+00  9.12574e+00  9.07303e+00  9.05503e+00  8.92688e+00 
 9.07653e+00  9.03049e+00  9.25920e+00  9.07621e+00  9.07866e+00 
 9.25305e+00  9.05242e+00  9.14688e+00  9.10002e+00  9.15383e+00 
 9.03082e+00  9.18520e+00  9.00630e+00  8.98269e+00  9.11333e+00 
 9.22087e+00  9.02346e+00  9.15395e+00  9.13248e+00  9.05845e+00 
 9.17753e+00  9.11739e+00  9.17026e+00  9.10447e+00  9.19783e+00 
 9.03264e+00  9.10057e+00  9.09370e+00  9.03215e+00  9.16039e+00 
 9.11065e+00  9.09865e+00  9.03926e+00  9.12900e+00  9.07275e+00 
 9.07119e+00  9.08953e+00  9.10007e+00  9.12527e+00  9.09942e+00 
 9.20054e+00  9.12157e+00  9.08789e+00  9.13983e+00  8.98265e+00 
 8.95873e+00  9.15932e+00  8.95149e+00  9.20970e+00  9.05643e+00 
 9.10655e+00  9.10213e+00  9.05804e+00  9.03046e+00  9.05787e+00 
 9.10574e+00  9.05505e+00  9.08033e+00  9.02566e+00  9.09000e+00 
 9.03185e+00  9.10753e+00  8.98074e+00  8.98822e+00  9.04074e+00 
 8.97460e+00  9.17457e+00  9.03119e+00  9.01225e+00  9.05518e+00 
 9.17142e+00  9.04483e+00  9.04144e+00  9.25062e+00  8.98352e+00 
 9.06646e+00  9.16024e+00  9.06766e+00  9.12628e+00  9.12538e+00 
 9.07449e+00  9.07576e+00  9.11882e+00  9.07663e+00  9.03555e+00 
 9.08754e+00  9.17671e+00  9.02593e+00  9.04821e+00  9.12832e+00 
