
**********************************************************
*** MLMC_100 file version 0.9     produced by          ***
*** MATLAB mlmc_test_100 on 10-Apr-2020 16:38:56       ***
**********************************************************

***************************************** 
*** MLMC errors from 100 calculations *** 
***************************************** 

 Exact value: 23.800000 

 eps = 1.000e-02 
-----------------
 2.37909e+01  2.37862e+01  2.37765e+01  2.37874e+01  2.37816e+01 
 2.37909e+01  2.37888e+01  2.37958e+01  2.37949e+01  2.37866e+01 
 2.38094e+01  2.38034e+01  2.37977e+01  2.37803e+01  2.37867e+01 
 2.37994e+01  2.37991e+01  2.38021e+01  2.37880e+01  2.38030e+01 
 2.37913e+01  2.37976e+01  2.37974e+01  2.38057e+01  2.37904e+01 
 2.37987e+01  2.37916e+01  2.37927e+01  2.37957e+01  2.37923e+01 
 2.38096e+01  2.37947e+01  2.38115e+01  2.38085e+01  2.37830e+01 
 2.38056e+01  2.37954e+01  2.37934e+01  2.37868e+01  2.37925e+01 
 2.37879e+01  2.37941e+01  2.38003e+01  2.38010e+01  2.38026e+01 
 2.37887e+01  2.37914e+01  2.38012e+01  2.37976e+01  2.37839e+01 
 2.37925e+01  2.37905e+01  2.38024e+01  2.37854e+01  2.38015e+01 
 2.38042e+01  2.37898e+01  2.37952e+01  2.37891e+01  2.38014e+01 
 2.37953e+01  2.37989e+01  2.37860e+01  2.37788e+01  2.37954e+01 
 2.38113e+01  2.37770e+01  2.38086e+01  2.37985e+01  2.37681e+01 
 2.37856e+01  2.37887e+01  2.37923e+01  2.37945e+01  2.38009e+01 
 2.38113e+01  2.37768e+01  2.37923e+01  2.37870e+01  2.38008e+01 
 2.37981e+01  2.38026e+01  2.37903e+01  2.38102e+01  2.37973e+01 
 2.38010e+01  2.37881e+01  2.38037e+01  2.37939e+01  2.37972e+01 
 2.37964e+01  2.37783e+01  2.37877e+01  2.37965e+01  2.37959e+01 
 2.38019e+01  2.38115e+01  2.37925e+01  2.37966e+01  2.37908e+01 

 eps = 2.000e-02 
-----------------
 2.38114e+01  2.38006e+01  2.37783e+01  2.37956e+01  2.37941e+01 
 2.37855e+01  2.38064e+01  2.38069e+01  2.38164e+01  2.37878e+01 
 2.38231e+01  2.37858e+01  2.38127e+01  2.38032e+01  2.37906e+01 
 2.37793e+01  2.37922e+01  2.38104e+01  2.37790e+01  2.38268e+01 
 2.37961e+01  2.38280e+01  2.38407e+01  2.37902e+01  2.37946e+01 
 2.38006e+01  2.38105e+01  2.37841e+01  2.38287e+01  2.38061e+01 
 2.38185e+01  2.38380e+01  2.38176e+01  2.38339e+01  2.37760e+01 
 2.38294e+01  2.38101e+01  2.37856e+01  2.38014e+01  2.38003e+01 
 2.38078e+01  2.38021e+01  2.38202e+01  2.37952e+01  2.37893e+01 
 2.37678e+01  2.37977e+01  2.38103e+01  2.38026e+01  2.37998e+01 
 2.38015e+01  2.37844e+01  2.37826e+01  2.37881e+01  2.38154e+01 
 2.37812e+01  2.37917e+01  2.37841e+01  2.38000e+01  2.38021e+01 
 2.37949e+01  2.38076e+01  2.38073e+01  2.37762e+01  2.37852e+01 
 2.38299e+01  2.37767e+01  2.38203e+01  2.38118e+01  2.37482e+01 
 2.37662e+01  2.37975e+01  2.37840e+01  2.37971e+01  2.38222e+01 
 2.37966e+01  2.37876e+01  2.38089e+01  2.38151e+01  2.37975e+01 
 2.37943e+01  2.38129e+01  2.37915e+01  2.37898e+01  2.38231e+01 
 2.37882e+01  2.38144e+01  2.37908e+01  2.37932e+01  2.37819e+01 
 2.38142e+01  2.37980e+01  2.38073e+01  2.37831e+01  2.37859e+01 
 2.37687e+01  2.37997e+01  2.38017e+01  2.38104e+01  2.37665e+01 

 eps = 5.000e-02 
-----------------
 2.38651e+01  2.37858e+01  2.38236e+01  2.38272e+01  2.37940e+01 
 2.38305e+01  2.38555e+01  2.38276e+01  2.37642e+01  2.37920e+01 
 2.38049e+01  2.38545e+01  2.38564e+01  2.37703e+01  2.37772e+01 
 2.38015e+01  2.38156e+01  2.38826e+01  2.38371e+01  2.38178e+01 
 2.37873e+01  2.38693e+01  2.38281e+01  2.37406e+01  2.37665e+01 
 2.38277e+01  2.38576e+01  2.38178e+01  2.38371e+01  2.38296e+01 
 2.38792e+01  2.38213e+01  2.38096e+01  2.37868e+01  2.38432e+01 
 2.37845e+01  2.37584e+01  2.37899e+01  2.37091e+01  2.38338e+01 
 2.38379e+01  2.37676e+01  2.38517e+01  2.37598e+01  2.37603e+01 
 2.38134e+01  2.38321e+01  2.38457e+01  2.37319e+01  2.38487e+01 
 2.38410e+01  2.39029e+01  2.37792e+01  2.37976e+01  2.37892e+01 
 2.38110e+01  2.37592e+01  2.38723e+01  2.38634e+01  2.38551e+01 
 2.37968e+01  2.38355e+01  2.38174e+01  2.37641e+01  2.38310e+01 
 2.38999e+01  2.37866e+01  2.38490e+01  2.37523e+01  2.38099e+01 
 2.37435e+01  2.38104e+01  2.37635e+01  2.39247e+01  2.37956e+01 
 2.37417e+01  2.37778e+01  2.38347e+01  2.38062e+01  2.38072e+01 
 2.38996e+01  2.38171e+01  2.37301e+01  2.38685e+01  2.37949e+01 
 2.38958e+01  2.38553e+01  2.39145e+01  2.38260e+01  2.38587e+01 
 2.38215e+01  2.38365e+01  2.38433e+01  2.37858e+01  2.37941e+01 
 2.37871e+01  2.38566e+01  2.38011e+01  2.38104e+01  2.38591e+01 

 eps = 1.000e-01 
-----------------
 2.38976e+01  2.37311e+01  2.38200e+01  2.38258e+01  2.38586e+01 
 2.38035e+01  2.38419e+01  2.37478e+01  2.38535e+01  2.38349e+01 
 2.38248e+01  2.38382e+01  2.38613e+01  2.37673e+01  2.38043e+01 
 2.38518e+01  2.38621e+01  2.38934e+01  2.38680e+01  2.38229e+01 
 2.37856e+01  2.38455e+01  2.38660e+01  2.37774e+01  2.37649e+01 
 2.38647e+01  2.38683e+01  2.38406e+01  2.37824e+01  2.38364e+01 
 2.39373e+01  2.38148e+01  2.38529e+01  2.37980e+01  2.38611e+01 
 2.38257e+01  2.37851e+01  2.37619e+01  2.37292e+01  2.39141e+01 
 2.38612e+01  2.37264e+01  2.38147e+01  2.37498e+01  2.37674e+01 
 2.37781e+01  2.38438e+01  2.38454e+01  2.37470e+01  2.38819e+01 
 2.38649e+01  2.39344e+01  2.38226e+01  2.38388e+01  2.37760e+01 
 2.38010e+01  2.38284e+01  2.38690e+01  2.39075e+01  2.38817e+01 
 2.38126e+01  2.37890e+01  2.38174e+01  2.38170e+01  2.38756e+01 
 2.39114e+01  2.38282e+01  2.38024e+01  2.37428e+01  2.37623e+01 
 2.38070e+01  2.38067e+01  2.37012e+01  2.39255e+01  2.38291e+01 
 2.37420e+01  2.37608e+01  2.38552e+01  2.38780e+01  2.38266e+01 
 2.39270e+01  2.38225e+01  2.37148e+01  2.39088e+01  2.38025e+01 
 2.38526e+01  2.38465e+01  2.39052e+01  2.38144e+01  2.38558e+01 
 2.37923e+01  2.38539e+01  2.38213e+01  2.37546e+01  2.37941e+01 
 2.38236e+01  2.37992e+01  2.38151e+01  2.38843e+01  2.37888e+01 
