
**********************************************************
*** MLMC_100 file version 0.9     produced by          ***
*** MATLAB mlmc_test_100 on 07-Apr-2020 21:26:10       ***
**********************************************************

***************************************** 
*** MLMC errors from 100 calculations *** 
***************************************** 

 Exact value: 3.678794 

 eps = 1.000e-02 
-----------------
 3.68021e+00  3.69181e+00  3.68663e+00  3.68391e+00  3.67733e+00 
 3.67435e+00  3.68370e+00  3.66748e+00  3.67574e+00  3.68166e+00 
 3.66830e+00  3.67265e+00  3.66397e+00  3.67645e+00  3.66380e+00 
 3.68176e+00  3.67640e+00  3.67573e+00  3.68290e+00  3.67106e+00 
 3.67187e+00  3.67583e+00  3.67563e+00  3.67515e+00  3.68114e+00 
 3.66518e+00  3.67200e+00  3.65875e+00  3.67281e+00  3.68500e+00 
 3.66409e+00  3.66132e+00  3.66515e+00  3.68028e+00  3.67115e+00 
 3.65659e+00  3.66586e+00  3.66266e+00  3.67398e+00  3.66691e+00 
 3.68188e+00  3.67252e+00  3.66120e+00  3.65419e+00  3.68012e+00 
 3.67477e+00  3.66678e+00  3.68532e+00  3.66861e+00  3.69034e+00 
 3.65808e+00  3.67701e+00  3.68800e+00  3.67196e+00  3.66645e+00 
 3.68546e+00  3.66768e+00  3.66516e+00  3.65459e+00  3.67432e+00 
 3.66354e+00  3.67092e+00  3.65977e+00  3.66791e+00  3.66648e+00 
 3.66761e+00  3.68113e+00  3.68831e+00  3.68851e+00  3.68358e+00 
 3.66488e+00  3.67688e+00  3.67210e+00  3.67586e+00  3.66817e+00 
 3.68867e+00  3.68527e+00  3.66092e+00  3.66823e+00  3.67177e+00 
 3.68152e+00  3.67766e+00  3.67563e+00  3.68517e+00  3.67705e+00 
 3.66678e+00  3.66731e+00  3.67491e+00  3.66054e+00  3.66196e+00 
 3.67365e+00  3.67448e+00  3.67042e+00  3.65577e+00  3.67057e+00 
 3.66833e+00  3.68783e+00  3.68385e+00  3.67524e+00  3.67944e+00 

 eps = 2.000e-02 
-----------------
 3.65333e+00  3.68839e+00  3.68338e+00  3.67078e+00  3.69508e+00 
 3.67228e+00  3.66355e+00  3.66568e+00  3.67078e+00  3.66871e+00 
 3.67040e+00  3.67543e+00  3.64966e+00  3.67581e+00  3.66286e+00 
 3.69438e+00  3.71121e+00  3.64721e+00  3.66241e+00  3.66217e+00 
 3.66051e+00  3.67867e+00  3.67830e+00  3.69072e+00  3.67370e+00 
 3.67595e+00  3.65792e+00  3.71022e+00  3.64838e+00  3.65989e+00 
 3.66512e+00  3.66392e+00  3.64341e+00  3.65622e+00  3.66667e+00 
 3.66558e+00  3.67312e+00  3.68200e+00  3.66371e+00  3.64944e+00 
 3.63320e+00  3.65720e+00  3.66833e+00  3.67299e+00  3.67723e+00 
 3.67312e+00  3.65205e+00  3.67900e+00  3.66709e+00  3.65264e+00 
 3.65281e+00  3.65220e+00  3.71400e+00  3.66982e+00  3.67901e+00 
 3.67950e+00  3.66660e+00  3.66647e+00  3.68662e+00  3.67055e+00 
 3.66587e+00  3.63100e+00  3.67514e+00  3.66506e+00  3.64134e+00 
 3.66618e+00  3.64654e+00  3.64813e+00  3.66708e+00  3.69218e+00 
 3.64480e+00  3.65166e+00  3.69965e+00  3.64903e+00  3.65458e+00 
 3.65153e+00  3.67202e+00  3.63730e+00  3.68617e+00  3.65538e+00 
 3.65887e+00  3.69790e+00  3.66767e+00  3.67896e+00  3.67164e+00 
 3.66568e+00  3.66287e+00  3.66192e+00  3.65468e+00  3.66536e+00 
 3.65423e+00  3.66948e+00  3.69707e+00  3.66003e+00  3.66152e+00 
 3.69817e+00  3.71060e+00  3.69427e+00  3.66535e+00  3.67475e+00 

 eps = 5.000e-02 
-----------------
 3.61052e+00  3.61205e+00  3.62549e+00  3.68591e+00  3.66757e+00 
 3.65693e+00  3.63577e+00  3.63340e+00  3.67339e+00  3.73513e+00 
 3.65741e+00  3.66308e+00  3.64811e+00  3.70731e+00  3.65651e+00 
 3.65549e+00  3.70180e+00  3.62075e+00  3.63619e+00  3.65635e+00 
 3.62265e+00  3.67848e+00  3.64981e+00  3.70166e+00  3.66898e+00 
 3.64826e+00  3.68183e+00  3.68563e+00  3.67225e+00  3.68171e+00 
 3.61914e+00  3.61506e+00  3.60305e+00  3.60421e+00  3.66325e+00 
 3.64370e+00  3.60093e+00  3.58231e+00  3.73653e+00  3.64070e+00 
 3.58853e+00  3.62651e+00  3.62614e+00  3.66020e+00  3.74388e+00 
 3.60555e+00  3.63349e+00  3.61160e+00  3.65530e+00  3.68310e+00 
 3.59735e+00  3.63378e+00  3.70327e+00  3.64154e+00  3.72521e+00 
 3.70230e+00  3.60341e+00  3.68807e+00  3.70107e+00  3.68823e+00 
 3.68452e+00  3.64668e+00  3.58992e+00  3.66761e+00  3.62643e+00 
 3.66710e+00  3.67923e+00  3.67362e+00  3.66036e+00  3.66321e+00 
 3.64625e+00  3.67866e+00  3.64665e+00  3.61425e+00  3.63637e+00 
 3.63128e+00  3.69156e+00  3.62257e+00  3.67327e+00  3.62739e+00 
 3.65183e+00  3.70345e+00  3.69110e+00  3.65654e+00  3.67019e+00 
 3.68037e+00  3.62085e+00  3.65949e+00  3.65281e+00  3.65948e+00 
 3.72358e+00  3.66874e+00  3.62943e+00  3.68418e+00  3.67436e+00 
 3.66674e+00  3.68983e+00  3.66052e+00  3.62914e+00  3.58300e+00 

 eps = 1.000e-01 
-----------------
 3.65611e+00  3.53029e+00  3.56409e+00  3.55749e+00  3.60508e+00 
 3.56885e+00  3.56604e+00  3.65031e+00  3.67321e+00  3.62634e+00 
 3.64793e+00  3.66838e+00  3.55290e+00  3.65333e+00  3.63919e+00 
 3.64660e+00  3.66950e+00  3.55691e+00  3.79025e+00  3.63016e+00 
 3.53552e+00  3.66506e+00  3.64062e+00  3.58476e+00  3.67806e+00 
 3.58786e+00  3.72153e+00  3.57996e+00  3.66737e+00  3.63091e+00 
 3.55633e+00  3.60270e+00  3.68306e+00  3.61549e+00  3.64268e+00 
 3.68335e+00  3.64499e+00  3.64884e+00  3.60430e+00  3.61668e+00 
 3.64557e+00  3.70015e+00  3.65547e+00  3.57110e+00  3.61226e+00 
 3.64702e+00  3.63705e+00  3.70541e+00  3.59817e+00  3.65396e+00 
 3.60888e+00  3.68462e+00  3.73421e+00  3.54852e+00  3.71486e+00 
 3.65698e+00  3.69937e+00  3.68379e+00  3.71018e+00  3.47962e+00 
 3.64455e+00  3.61351e+00  3.60866e+00  3.68070e+00  3.65336e+00 
 3.55580e+00  3.50443e+00  3.73053e+00  3.68018e+00  3.66896e+00 
 3.58708e+00  3.64434e+00  3.51839e+00  3.62063e+00  3.59529e+00 
 3.50521e+00  3.52079e+00  3.56837e+00  3.61389e+00  3.66776e+00 
 3.68920e+00  3.63177e+00  3.72788e+00  3.64513e+00  3.56313e+00 
 3.59804e+00  3.58592e+00  3.60366e+00  3.70327e+00  3.55701e+00 
 3.54975e+00  3.69132e+00  3.60119e+00  3.70990e+00  3.63135e+00 
 3.64315e+00  3.68681e+00  3.59844e+00  3.57987e+00  3.54488e+00 
