
**********************************************************
*** MLMC_100 file version 0.9     produced by          ***
*** MATLAB mlmc_test_100 on 08-Apr-2020 11:35:21       ***
**********************************************************

***************************************** 
*** MLMC errors from 100 calculations *** 
***************************************** 

 Exact value: 9.040000 

 eps = 1.000e-02 
-----------------
 9.05174e+00  9.02689e+00  9.03285e+00  9.02888e+00  9.02812e+00 
 9.03825e+00  9.03917e+00  9.02898e+00  9.04088e+00  9.03535e+00 
 9.03926e+00  9.04085e+00  9.03780e+00  9.02604e+00  9.01457e+00 
 9.04755e+00  9.03397e+00  9.02353e+00  9.02500e+00  9.02771e+00 
 9.02686e+00  9.02683e+00  9.03915e+00  9.03312e+00  9.02640e+00 
 9.03149e+00  9.02092e+00  9.03243e+00  9.02981e+00  9.03419e+00 
 9.03311e+00  9.02842e+00  9.03008e+00  9.03686e+00  9.03242e+00 
 9.03768e+00  9.02315e+00  9.04003e+00  9.05287e+00  9.04924e+00 
 9.02404e+00  9.03761e+00  9.04310e+00  9.03082e+00  9.02699e+00 
 9.02909e+00  9.02365e+00  9.01607e+00  9.03384e+00  9.03072e+00 
 9.03536e+00  9.03067e+00  9.02642e+00  9.05255e+00  9.02155e+00 
 9.03938e+00  9.03691e+00  9.01857e+00  9.04248e+00  9.02346e+00 
 9.03000e+00  9.04427e+00  9.03629e+00  9.03447e+00  9.02969e+00 
 9.04454e+00  9.02431e+00  9.04182e+00  9.03461e+00  9.02284e+00 
 9.02946e+00  9.03285e+00  9.03300e+00  9.03925e+00  9.03235e+00 
 9.03687e+00  9.04057e+00  9.03407e+00  9.04744e+00  9.03763e+00 
 9.04085e+00  9.03366e+00  9.02232e+00  9.02842e+00  9.01802e+00 
 9.02168e+00  9.01939e+00  9.03539e+00  9.02600e+00  9.04497e+00 
 9.03023e+00  9.02406e+00  9.03109e+00  9.03215e+00  9.02954e+00 
 9.04087e+00  9.02273e+00  9.04074e+00  9.02566e+00  9.03504e+00 

 eps = 2.000e-02 
-----------------
 9.06928e+00  9.03870e+00  9.00482e+00  9.03695e+00  9.00949e+00 
 9.05097e+00  9.04496e+00  9.02094e+00  9.03954e+00  9.01618e+00 
 9.05654e+00  9.05524e+00  9.07344e+00  9.02356e+00  9.05050e+00 
 9.04118e+00  9.03172e+00  9.06983e+00  9.03934e+00  9.02176e+00 
 9.01539e+00  9.09728e+00  9.04472e+00  9.02613e+00  9.03689e+00 
 9.08315e+00  9.00788e+00  9.04476e+00  9.03534e+00  9.03522e+00 
 9.06444e+00  9.02905e+00  9.04461e+00  9.03876e+00  9.05118e+00 
 9.02654e+00  9.03084e+00  9.03407e+00  9.05510e+00  9.06404e+00 
 9.03599e+00  9.03282e+00  9.01352e+00  9.05559e+00  9.03765e+00 
 9.01277e+00  9.02522e+00  9.04387e+00  9.04596e+00  9.03444e+00 
 9.06900e+00  9.06134e+00  9.02564e+00  9.07071e+00  9.00139e+00 
 9.03115e+00  9.03468e+00  9.02937e+00  9.05022e+00  9.04136e+00 
 9.05294e+00  9.06955e+00  9.00999e+00  9.01904e+00  9.04512e+00 
 9.10133e+00  9.02814e+00  9.01312e+00  9.05080e+00  9.03087e+00 
 9.01469e+00  9.04744e+00  9.05416e+00  9.02378e+00  9.03919e+00 
 9.06273e+00  9.01757e+00  9.03004e+00  9.02564e+00  9.02620e+00 
 9.03565e+00  9.05273e+00  9.02738e+00  9.02406e+00  9.00908e+00 
 9.04342e+00  9.04615e+00  9.04668e+00  9.06232e+00  9.03417e+00 
 9.02251e+00  9.04813e+00  9.06270e+00  9.02575e+00  9.01491e+00 
 9.03080e+00  9.03556e+00  9.02973e+00  9.04709e+00  9.03519e+00 

 eps = 5.000e-02 
-----------------
 9.05821e+00  9.01883e+00  9.06940e+00  9.07017e+00  8.96751e+00 
 9.01177e+00  9.10289e+00  9.03687e+00  9.04279e+00  9.07053e+00 
 9.09645e+00  9.08881e+00  9.06179e+00  9.01335e+00  9.07068e+00 
 9.12235e+00  9.05507e+00  9.07162e+00  9.00273e+00  8.98994e+00 
 9.10384e+00  9.05925e+00  9.10314e+00  9.02320e+00  9.03101e+00 
 9.05963e+00  9.07049e+00  9.06305e+00  8.99563e+00  9.07545e+00 
 9.11824e+00  9.03793e+00  9.10578e+00  9.09454e+00  9.09409e+00 
 9.00473e+00  9.04997e+00  9.00942e+00  8.99407e+00  9.12985e+00 
 9.14579e+00  8.99442e+00  9.02087e+00  9.00443e+00  8.99568e+00 
 8.99924e+00  9.08437e+00  9.02156e+00  9.07605e+00  9.03528e+00 
 9.08314e+00  9.06876e+00  9.03233e+00  9.04593e+00  9.04784e+00 
 9.04895e+00  8.93258e+00  9.02232e+00  9.09207e+00  9.05926e+00 
 9.02479e+00  9.07270e+00  9.02747e+00  9.03060e+00  9.01333e+00 
 9.09838e+00  9.02990e+00  9.01784e+00  9.07021e+00  9.03495e+00 
 9.05679e+00  8.99756e+00  8.99969e+00  9.00088e+00  9.10036e+00 
 9.07775e+00  9.09409e+00  9.01126e+00  9.05383e+00  8.95715e+00 
 9.04768e+00  9.06227e+00  9.03601e+00  9.00333e+00  8.97499e+00 
 9.11643e+00  9.11327e+00  9.07152e+00  9.09958e+00  9.06684e+00 
 8.98462e+00  9.02064e+00  9.08470e+00  9.00902e+00  9.05224e+00 
 9.00184e+00  9.07334e+00  8.99775e+00  9.05615e+00  9.10819e+00 

 eps = 1.000e-01 
-----------------
 9.13334e+00  9.03680e+00  9.07517e+00  9.11015e+00  9.08701e+00 
 8.92605e+00  9.12148e+00  8.98707e+00  8.96723e+00  9.07693e+00 
 9.07852e+00  9.08825e+00  9.13249e+00  8.99627e+00  8.99453e+00 
 9.18264e+00  8.99346e+00  9.06734e+00  9.06595e+00  9.11054e+00 
 9.07299e+00  9.03715e+00  9.11620e+00  8.99247e+00  9.07431e+00 
 8.99631e+00  9.07277e+00  8.97230e+00  9.01766e+00  9.09139e+00 
 9.13784e+00  9.02090e+00  9.09778e+00  9.02766e+00  9.11546e+00 
 9.04093e+00  9.09263e+00  9.02855e+00  9.00020e+00  9.15841e+00 
 9.19570e+00  8.97323e+00  9.08682e+00  9.11138e+00  8.99216e+00 
 9.09711e+00  9.13518e+00  8.95493e+00  9.05076e+00  9.18405e+00 
 9.06973e+00  9.08710e+00  9.04503e+00  9.12905e+00  9.15336e+00 
 9.07933e+00  9.09293e+00  9.05528e+00  9.10748e+00  9.11140e+00 
 9.03234e+00  9.07511e+00  9.02251e+00  8.94604e+00  9.02386e+00 
 9.01542e+00  9.10598e+00  9.06868e+00  9.02182e+00  8.96100e+00 
 9.07466e+00  9.11619e+00  9.00796e+00  9.05317e+00  9.14281e+00 
 9.11319e+00  9.12509e+00  9.05274e+00  9.07985e+00  8.95834e+00 
 9.08716e+00  9.04732e+00  9.07222e+00  9.07787e+00  8.95177e+00 
 9.11945e+00  9.10380e+00  9.05992e+00  9.06740e+00  9.10495e+00 
 9.11228e+00  9.10427e+00  8.97971e+00  9.04346e+00  8.97482e+00 
 9.08396e+00  9.08340e+00  8.90482e+00  8.99424e+00  9.15228e+00 
